199 
144 79 494 
227 115 491 
197 3 486 
17 99 485 
77 130 484 
172 28 483 
113 3 473 
109 21 472 
38 197 471 
244 236 469 
28 121 460 
69 73 458 
170 24 454 
168 48 453 
132 250 447 
154 14 444 
171 67 440 
42 125 439 
72 250 436 
54 151 433 
49 168 431 
39 80 429 
188 75 420 
55 167 407 
6 245 406 
168 214 405 
222 248 401 
72 222 400 
241 229 399 
89 86 395 
53 240 393 
35 203 386 
107 241 385 
47 118 384 
9 246 383 
184 17 380 
54 108 378 
145 190 377 
46 10 374 
155 77 370 
226 69 369 
56 110 367 
129 219 363 
90 77 359 
50 244 358 
18 244 357 
70 113 352 
156 6 351 
225 122 350 
80 210 346 
75 69 343 
18 210 341 
216 40 337 
250 244 331 
10 225 328 
1 189 327 
42 238 325 
216 120 324 
112 181 323 
213 246 322 
255 241 321 
216 210 316 
59 245 315 
41 249 314 
225 237 311 
45 98 310 
195 87 309 
36 67 307 
128 48 305 
161 230 304 
149 31 302 
157 57 300 
103 136 298 
211 254 297 
71 80 293 
139 251 291 
171 118 290 
251 6 288 
187 246 285 
53 146 279 
215 247 278 
24 211 276 
79 191 273 
2 32 271 
63 200 269 
119 39 263 
247 201 261 
151 88 257 
67 228 255 
53 94 246 
20 107 241 
225 91 239 
204 223 237 
210 97 234 
13 35 233 
58 207 232 
200 74 231 
189 188 228 
39 193 226 
72 93 225 
51 14 222 
82 147 221 
52 52 218 
19 23 216 
221 246 215 
231 60 213 
216 185 211 
33 251 207 
123 178 205 
116 93 203 
232 106 201 
7 218 195 
55 218 193 
23 182 190 
146 186 189 
107 3 184 
236 192 177 
134 237 176 
36 106 173 
40 95 170 
104 218 167 
66 164 166 
224 136 163 
23 183 162 
209 74 160 
30 126 158 
227 240 157 
82 246 156 
93 208 154 
48 99 148 
130 105 147 
122 159 145 
96 50 143 
151 92 140 
181 243 138 
111 33 134 
75 187 133 
7 100 131 
140 168 129 
97 249 128 
50 156 126 
143 147 125 
21 191 122 
133 234 121 
226 49 120 
35 126 115 
255 140 114 
150 200 110 
176 146 107 
187 81 106 
107 69 103 
153 211 99 
57 78 98 
184 242 92 
130 3 90 
19 219 89 
122 68 86 
11 141 85 
215 206 84 
133 62 81 
14 172 80 
48 93 79 
168 75 73 
36 70 71 
233 112 68 
61 85 67 
187 74 63 
38 133 61 
26 147 60 
35 203 59 
213 236 55 
75 217 54 
216 169 53 
88 8 49 
65 249 48 
64 150 46 
194 211 44 
124 22 41 
42 134 40 
231 85 37 
245 146 36 
233 122 35 
178 235 32 
251 250 31 
189 74 30 
40 81 29 
184 193 24 
188 108 21 
229 54 20 
60 183 18 
75 193 16 
181 125 15 
210 206 9 
44 19 8 
158 238 6 
53 106 5 
34 32 4 
75 144 3 
139 31 1 
9
216.711 161.715 1499 41 0 1 1 3 
1.88213 28
2.48417 28
1.17167 12
140.227 88.1703 1464 42 1 0 1 3 
0.359985 28
2.58006 28
-3.14063 12
81.126 27.2662 1305 43 1 0 1 3 
2.86374 28
2.44045 28
2.62795 12
194.679 163.814 848 44 1 0 1 2 
2.29638 28
2.82655 16
157.895 161.891 815 45 1 1 0 1 
0.19784 12
182.897 108.048 768 46 1 0 0 1 
-0.74242 20
78.6428 21.2881 558 47 1 1 0 1 
-0.86714 24
124.91 149.479 517 48 1 1 1 2 
2.33734 28
-1.65821 16
162.449 125.749 455 49 1 1 0 1 
1.20682 24
41
132.274 173.447 1897 3 0  
133.461 173.329 1890 3 0  
133.414 173.333 1765 3 0  
133.874 173.289 1758 3 0  
132.461 173.428 1458 3 0  
132.298 173.445 1451 3 0  
132.997 173.374 1450 3 0  
131.184 173.569 1443 5 0  
134.764 173.204 1356 3 0  
134.1 173.267 1349 3 0  
133.711 173.304 1342 3 0  
134.838 173.196 1335 3 0  
131.15 173.565 1107 3 0  
107.793 178.05 1100 5 0  
128.033 173.9 1093 3 0  
131.621 173.503 1033 3 0  
130.197 173.653 1026 3 0  
132.586 173.408 946 3 0  
131.15 173.552 939 3 0  
131.562 173.511 797 3 0  
133.024 173.367 790 3 0  
130.47 173.631 783 3 0  
116.86 175.485 777 5 0  
130.255 173.641 770 3 0  
120.947 174.968 678 3 0  
91.9786 181.772 658 5 0  
121.697 175.12 628 3 0  
123.638 174.682 621 3 0  
141.37 177.629 424 6 0  
101.14 172.668 420 3 0  
124.802 174.738 417 3 0  
91.4778 180.615 413 3 0  
121.235 175.758 410 3 0  
114.696 177.516 403 3 0  
84.2877 192.409 112 4 0  
98.6773 177.756 105 3 0  
109.534 177.937 98 3 0  
103.615 181.437 91 3 0  
136.737 172.671 81 3 0  
66.7459 181.282 53 3 0  
77.0508 189.301 46 3 0  
