50
234.90 181.81 8
140.75 246.41 50
154.11 228.67 74
39.25 125.77 59
138.98 42.75 31
175.62 72.31 73
181.04 119.13 45
121.41 50.38 79
114.67 57.91 24
24.14 16.56 10
33.20 23.11 41
3.23 183.14 66
28.81 18.33 93
60.75 130.81 43
135.49 89.32 88
149.56 70.29 4
156.86 112.86 28
135.82 240.68 30
44.07 171.71 41
61.47 210.41 13
182.59 30.12 4
128.99 245.21 70
214.93 92.79 10
244.42 144.43 58
38.03 171.91 61
222.96 212.85 34
51.23 39.95 100
133.87 40.40 79
149.04 144.31 17
239.96 182.87 36
69.08 64.83 98
47.25 76.45 27
248.21 44.47 13
209.89 206.65 68
102.26 75.96 11
186.67 24.45 34
110.85 238.87 80
75.37 226.89 50
199.27 94.04 80
98.88 243.06 22
73.08 96.33 68
81.32 116.63 73
199.17 227.09 94
49.53 233.38 37
68.34 96.29 86
205.09 7.85 46
106.98 124.44 29
177.96 207.65 92
202.33 244.17 95
145.40 107.42 58
30
206.40 72.49 445 1 1 0 0 2
-0.82 18.49
1.68 22.43
37.79 234.10 197 2 1 0 1 1
-0.24 25.91
158.68 129.61 167 3 1 1 0 2
-2.08 12.63
1.71 25.91
24.54 202.31 354 4 1 1 0 3
-2.27 19.32
1.64 32.43
1.56 28.69
164.48 182.17 434 5 1 0 1 1
1.64 28.83
71.32 142.79 14 6 1 1 0 2
0.14 35.92
-2.42 25.94
94.99 235.25 37 7 1 1 1 3
-0.15 31.97
-2.86 20.44
-0.70 15.55
147.81 170.99 2 8 1 1 1 1
1.35 21.14
161.14 177.53 452 9 1 0 0 3
-2.52 12.04
-3.01 31.35
1.81 16.38
155.88 145.52 383 10 1 0 0 3
0.10 12.04
-0.84 16.38
-0.00 31.94
248.05 124.54 439 11 1 0 1 1
-1.87 19.11
21.46 132.25 372 12 1 0 1 1
-0.58 34.69
177.34 212.05 398 13 1 0 0 2
1.61 29.39
-1.68 16.20
190.31 130.20 246 14 1 1 1 3
-1.86 22.09
1.32 19.90
-2.42 17.28
235.03 61.14 400 15 1 0 0 2
-1.64 30.10
1.31 28.59
108.98 166.82 58 16 1 0 0 1
-0.62 27.12
55.11 197.05 114 17 1 0 0 1
1.69 15.65
244.57 101.93 443 18 1 1 0 1
-0.91 13.81
188.08 46.67 268 19 1 1 1 2
-0.02 27.58
2.13 35.85
168.84 206.15 172 20 1 1 0 2
2.44 23.98
2.33 25.47
154.49 165.19 239 21 1 1 0 1
0.91 30.75
178.00 170.88 7 22 1 0 0 3
1.20 37.08
-1.20 23.30
0.38 25.92
42.40 6.15 455 23 1 1 1 1
-0.17 21.39
95.62 12.17 406 24 1 0 1 3
2.09 27.92
0.41 18.16
0.49 12.45
62.86 63.29 95 25 1 0 0 1
-1.94 38.27
247.95 128.07 35 26 1 0 0 2
-2.88 24.73
1.79 35.04
191.93 84.80 345 27 1 0 0 1
1.91 18.44
171.72 164.71 124 28 1 1 1 1
-1.56 20.00
40.59 146.99 386 29 1 0 1 3
-2.90 13.07
-0.63 29.08
-0.59 32.79
210.17 73.19 126 30 1 0 0 1
1.10 28.88
30
196.15 13.71 12 9 0
95.03 189.96 153 3 0
203.68 120.45 296 4 0
136.98 8.93 397 7 0
47.26 159.91 316 6 0
78.70 101.30 34 9 0
242.00 81.58 398 3 0
37.03 218.97 48 6 0
68.24 240.50 211 3 0
3.54 33.16 212 9 0
71.35 40.67 378 8 0
32.69 76.04 126 5 0
142.60 157.23 369 7 0
139.00 151.74 277 7 0
93.23 14.76 440 4 0
34.71 112.15 332 6 0
231.54 39.29 302 5 0
151.78 26.27 61 4 0
42.67 9.93 485 9 0
227.70 51.67 290 7 0
49.40 187.39 16 4 0
28.71 139.27 270 6 0
117.78 96.77 456 5 0
100.51 45.37 7 5 0
116.16 172.33 3 5 0
185.24 239.10 109 5 0
143.72 42.55 332 4 0
216.43 207.26 139 3 0
202.89 68.93 498 8 0
190.25 232.34 350 4 0
